[1, 0, 0, 1, 0, 0, 0, 0, 1, 1, 0, 1, 1, 0, 0, 0, 1, 1, 1, 1, 0] 8 9 11 12 16 17 18 19
[(1, 1), (1, 2), (1, 3), (1, 4), (1, 5), (2, 2), (2, 3), (2, 4), (2, 5), (3, 2), (3, 3), (3, 4), (4, 2), (4, 3), (4, 4), (4, 5), (5, 1), (5, 2), (5, 3), (5, 4), (5, 5)]

1111111
1100101
1s10011
1s001g1
1s10001
1111101
1111111


1 1 1 1 1 1 1
1 0 0 0 0 t 1
1 s t 0 0 t 1
1 s t 0 t g 1
1 s t 0 t 0 1
1 0 t t 0 0 1
1 1 1 1 1 1 1


Last 24.0
[0, 0, 0, 0, 0, 0, 1, 0, 1, 1, 0, 1, 1, 0, 1, 0, 1, 0, 0, 0, 0]
------------
1 1 1 1 1 1 1
1 0 0 0 0 0 1
1 s 0 t 0 t 1
1 s t 0 t g 1
1 s t 0 t 0 1
1 t 0 0 0 0 1
1 1 1 1 1 1 1
-------------
