250
21 19
111111111111111111111
100000000000000101001
100001000000101000001
100000000000000000001
1000000000000000000s1
100010000000000000001
100000000001000s00001
100000100001000000001
1000000g0001000100001
100000000000010000011
100000100000000000001
100000000000000000011
100100100000100000001
100000000000000000001
100010000000000000001
100000000000000011001
100000100010000000001
101000000100000010001
111111111111111111111
4
END
10 1000000 0 3
19 4 22 103 40
19 4 25 16 5
15 6 16 12 26
END
7 998400 4 3
5 14 3 0
5 15 3 0
5 16 3 0
5 17 3 0
15 6 12 23 4
15 6 25 2386 4
15 6 19 2 5
END
4 998400 4 4
5 14 3 0
5 15 3 0
5 16 3 0
5 17 3 0
19 4 10 55 4
15 6 6 361 4
19 4 3 100 4
19 4 23 2 18
END
